98|3321240
99|5944979
100|5895733
101|6698658
102|7202953
103|5931520
104|2181496
105|641426
106|1858485
107|7484342
108|6088967
109|2009687
110|3362718
111|189476
112|18413786
113|3741001
114|4568797
115|5217616
116|3309765
117|5672536
118|6572385
119|9937445
120|295594
121|370194
122|9133085
123|17990887
124|10694957
125|5592381
126|1270652
127|3853476
128|1639217
129|648240
130|69706
131|2830654
132|2962961
133|2881602
134|3025940
135|190564
136|1620267
137|1364488
138|666476
139|1560525
140|750793
141|547424
142|115231
143|12142191
144|104725
145|253516
146|555051
147|2318804
148|113814
149|958143
150|2824330
151|734363
152|535565
153|3493915
154|2568231
155|2887091
156|676463
157|87022
158|886769
159|313271
160|144833
161|1743883
162|242942
163|590556
164|939598
165|481771
166|418998
167|104773
168|114861
169|11979495
170|6749728
171|6240361
172|10748992
173|8241115
174|8066664
175|8290187
176|11026096
177|5157697
178|15204672
179|808993
180|6140585
181|15450449
182|6409812
183|12344656
184|14729846
185|7383490
186|24974831
187|7027560
188|6492686
189|10091967
190|10119345
191|13297814
192|3263784
193|14491050
194|3695568
195|5847056
196|14334081
197|5601453
198|5180918
199|4013233
200|5130662
201|3174883
202|4107221
203|4590169
204|7863725
205|7518733
206|4417215
207|14361562
208|7981446
209|3311038
210|8182747
211|4174511
212|4429008
213|5627257
214|3936391
215|3092689
216|3797616
217|12034031
218|5891993
219|10079470
220|4202562
221|4963293
222|1238920
223|2313249
224|1919089
225|2115952
226|2412941
227|1707419
228|1639517
229|1907437
236|32225395
237|43965263
238|25676759
239|31064570
240|28576472
241|16621840
242|19666529
243|19318191
244|22147650
245|12359425
246|28485685
247|28530015
249|8215414
250|12707457
251|12757697
253|18933621
254|10922142
255|6298410
256|16280915
257|4760033
