1|2518851
2|5435818
3|5229201
4|627040
5|3934037
6|957208
7|2347656
8|20727712
9|1900388
10|5964201
11|2870889
12|472437
13|6263170
14|8723242
15|2280663
16|796890
17|3576517
18|3379028
19|7653924
20|4654744
21|11685583
22|5587555
23|622209
24|2523847
25|309873
26|18400072
27|17399954
28|616535
29|521277
30|7062531
31|3194176
32|362303
33|221319
34|20013887
35|930722
36|9278373
37|1507705
38|8893749
39|4041315
40|1431988
41|3083936
42|21340835
43|6592478
44|3165643
45|11260750
46|15451870
47|14565283
48|1022589
49|21923024
50|3058875
51|6362668
52|666915
53|574510
54|12597302
55|3003484
56|1594831
57|3803307
58|6590909
59|528588
60|6018916
61|2060690
62|865928
63|2190490
64|1717534
65|17370707
66|273669
67|2805596
68|576088
69|194083
70|132037
71|1037636
72|2131156
73|674504
74|885945
75|3663699
76|3612268
77|717061
78|255802
79|3150334
80|2011617
81|604471
82|3334702
83|767595
84|123060
85|1244744
86|1239613
87|242687
88|2146368
89|318129
90|4379428
91|3011108
92|1518170
93|542870
94|6058211
95|3658062
96|340143
97|2875406
