1|7175047
2|1388487
3|3008952
4|10227444
5|215517
6|9683973
7|3252280
8|1998020
9|4807023
10|5815571
11|153882
12|8356761
13|7098117
14|13151974
15|11499
16|2312079
17|7762106
18|24902
19|1585881
20|1394148
21|1918377
22|4647178
23|2970643
24|13128535
25|210724
26|199770
27|17306176
28|994588
29|3144169
30|2183598
31|11148898
32|12666385
33|4081985
34|8551935
35|12884166
36|1127494
37|1167426
38|13891142
39|3522643
40|1019970
41|7140377
42|1825156
43|4554141
44|2255443
45|2560143
46|2428547
47|7042261
48|1801329
49|2326812
50|5478831
51|1966963
53|721779
54|790990
55|12339278
56|26159083
57|18826860
58|1068633
59|442859
60|1716615
61|2353591
62|4821885
63|4023010
64|5755343
65|5311910
66|1670052
67|12542950
68|1620073
69|78608
70|493873
72|6782056
73|1749237
74|5048114
75|1992733
76|7162333
77|3003797
79|4277803
80|2877180
82|12560638
83|1014475
84|5191220
86|20027155
87|5671026
88|3848104
89|8788423
90|246437
91|14290881
92|4931501
93|10363065
94|32893670
95|5702030
96|4712229
97|197871
98|115509
99|707888
100|32881791
101|48478296
102|50176054
103|32254455
104|7549435
