1|355268
2|894050
3|1279333
4|27093
5|3601
6|111656
7|24024
8|6757362
9|35942
10|824736
11|37235
12|54362
13|384908
14|1507146
15|211476
16|22391
17|795194
18|149363
19|421105
20|461034
21|2147092
22|210126
23|33938
24|93200
25|19279
26|3323164
27|3299420
28|69349
29|26494
30|612844
31|447534
32|39034
33|17236
34|2679924
35|152662
36|1101690
37|37382
38|937570
39|390653
40|119051
41|207079
42|4944569
43|1190654
44|649782
45|2183203
46|2405698
47|2290025
48|63488
49|2953642
50|46756
51|410054
52|104974
53|31440
54|2010660
55|323183
56|129423
57|276832
58|906753
59|23620
60|583902
61|156042
62|49481
63|254407
64|157874
65|2658660
66|12805
67|204497
68|24901
69|4015
70|32712
71|84336
72|212481
73|80868
74|119540
75|183696
76|903753
77|61970
78|31002
79|460575
80|2707
81|103694
82|420536
83|58305
84|10313
85|170932
86|108389
87|9836
88|1120504
89|39219
90|400518
91|233030
92|192407
93|30558
94|279966
95|395904
96|41820
97|344143
98|240736
99|266250
100|577333
101|725415
102|764604
103|648686
104|189164
105|58995
106|253577
107|709230
108|486063
109|211687
110|245058
111|6048
112|2105610
113|102064
114|205201
115|1506043
116|241920
117|391844
118|1383459
119|1511213
120|7402
121|46272
122|1557178
123|2442319
124|1439270
125|854990
126|141076
127|349352
128|75772
129|53663
130|3343
131|276142
132|233617
133|217779
134|119290
135|34348
136|3630
137|625
138|91327
139|17581
140|3630
141|48684
142|5411
143|5415871
144|2178
145|41504
146|119741
147|416910
148|8536
149|1411
150|397934
151|1148
152|34489
153|106289
154|212901
155|332907
156|87458
157|7740
158|48392
159|15242
160|37276
161|70639
162|19344
163|74520
164|184686
165|100360
166|24345
167|11084
168|8994
169|2686674
170|2280901
171|457521
172|2404186
173|448815
174|482400
175|1472320
176|5085355
177|72788
178|1179038
179|84783
180|591712
181|1733627
182|444453
183|1689752
184|2519048
185|592750
186|4887383
187|813514
188|484032
189|1738281
190|844640
191|1660014
192|293146
193|3167491
194|184661
195|676238
196|1535879
197|612116
198|1193442
199|59613
200|904300
201|317366
202|294239
203|512221
204|825009
205|1415956
206|724867
207|2157540
208|1017822
209|320377
210|338490
211|183176
212|352951
213|585293
214|140661
215|563563
216|176588
217|1083057
218|478822
219|1352210
220|8097
221|625600
222|227001
223|711713
224|557333
225|339964
226|344646
227|268326
228|1069
229|67880
236|6727341
237|13807591
238|4015253
239|6813494
240|8620619
241|2502081
242|3746084
243|3153899
244|2999634
245|2360377
246|4777969
247|9680831
249|1918677
250|2660710
251|904265
253|4281434
254|911161
255|352813
256|2334439
257|1124253
