1|694808
2|2035896
3|3052392
4|3746729
5|2977732
6|3967474
7|4387115
8|4286374
9|3149782
10|3433745
11|3202338
12|3114372
13|3057867
14|2541520
15|2569765
16|2583798
17|2412730
18|2181220
19|1
20|231
21|3949
22|17648
23|51647
24|128164
25|213435
26|354395
27|522308
28|618857
29|825559
30|1008064
31|960142
32|820562
33|673661
34|588003
35|578850
36|726253
37|1
38|239
39|4331
40|19337
41|57914
42|141358
43|232758
44|391681
45|505007
46|654875
47|795295
48|961428
49|1095607
50|971210
51|843648
52|757556
53|733740
54|912106
