1|67003
2|194648
3|278324
4|4223
5|537
6|19802
7|5297
8|2651673
9|3410
10|237843
11|2814
12|9786
13|78801
14|256237
15|28861
16|2876
17|100319
18|22514
19|40908
20|42505
21|564566
22|3667
23|5025
24|20771
25|1054
26|723373
27|673279
28|9405
29|3759
30|92722
31|79498
32|6953
33|1972
34|493417
35|23446
36|203063
37|3479
38|169797
39|77061
40|13580
41|15132
42|706378
43|204790
44|59394
45|292288
46|330160
47|536333
48|10426
49|551043
50|7257
51|75140
52|20642
53|4547
54|423696
55|63861
56|22177
57|42723
58|166091
59|2840
60|85861
61|18534
62|6937
63|43541
64|24845
65|442344
66|1059
67|28463
68|3563
69|282
70|5497
71|9287
72|52573
73|7387
74|5443
75|32960
76|289762
77|9607
78|7437
79|43230
80|411
81|9171
82|83573
83|6494
84|1735
85|21251
86|13924
87|750
88|229634
89|3487
90|74469
91|31837
92|20667
93|4352
94|33612
95|65358
96|5475
97|45311
98|33101
99|41461
100|90955
101|133638
102|156892
103|97248
104|37560
105|5588
106|47434
107|112107
108|74566
109|35739
110|32879
111|1257
112|251789
113|13110
114|36828
115|352804
116|45012
117|60225
118|413423
119|357183
120|847
121|6378
122|486765
123|515965
124|273738
125|185679
126|33755
127|44875
128|12136
129|5543
130|327
131|44642
132|19977
133|17644
134|40475
135|5623
136|552
137|56
138|10940
139|2070
140|792
141|2039
142|564
143|1984131
144|331
145|274
146|1846
147|58017
148|44
149|1
150|57229
151|14
152|2070
153|10295
154|31077
155|70255
156|10006
157|158
158|9303
159|2636
160|7677
161|15101
162|2402
163|8640
164|14732
165|19768
166|4504
167|1909
168|1391
169|562179
170|526129
171|37829
172|375992
173|45531
174|79668
175|154065
176|1895043
177|5911
178|253892
179|17732
180|110898
181|352786
182|54030
183|363504
184|604251
185|92217
186|1254607
187|172668
188|82180
189|291498
190|151500
191|330028
192|51309
193|712906
194|38203
195|133224
196|254459
197|106684
198|196201
199|6550
200|177753
201|55981
202|67028
203|65843
204|126745
205|197296
206|142245
207|301175
208|230330
209|59914
210|31087
211|10981
212|50929
213|91652
214|21751
215|35746
216|14212
217|157661
218|102419
219|115872
220|159
221|165377
222|40414
223|37876
224|50439
225|73005
226|66461
227|49257
228|80
229|13088
236|1286228
237|4089042
238|725746
239|1560380
240|2917596
241|445574
242|962856
243|550477
244|560585
245|333250
246|663813
247|2583072
249|452632
250|408974
251|123259
253|924750
254|127154
255|60706
256|488420
257|230055
