1|31742590
2|33396490
3|30358243
4|38224023
5|34607630
6|38686211
7|36051144
8|36617676
9|33950251
10|32400750
11|35518971
12|38901027
13|34009717
14|33910799
15|31896715
16|34790860
17|33954587
18|39114350
19|29376502
20|32474468
21|39106693
22|32829360
23|35837098
24|32801029
25|33150950
26|35657373
27|29329380
28|34524150
29|36816699
30|32686254
31|31693512
32|32642815
33|36508571
34|37824695
35|35885066
36|30146163
37|33073714
38|31474799
39|30555692
40|48466328
41|32676401
42|37776651
43|38229839
44|30218282
45|38649070
46|37032125
47|30760681
48|35765403
49|35348641
50|37610380
51|32132249
52|36645787
53|30362164
54|30402330
55|34256773
56|32653322
57|37006024
58|31911326
59|31195917
60|33126311
61|35176495
62|34539044
63|36566692
64|33819960
65|33566666
66|28931860
67|29878178
68|34615250
69|34190001
70|33046693
71|34341012
72|29826647
73|33586907
74|36957947
75|26456302
76|35473192
77|34549759
78|36111938
79|35398954
80|35422924
81|27217906
82|39928161
83|35182342
84|39181115
85|35603826
86|37211224
87|25683796
88|33983389
89|34642025
90|35451953
91|35604848
92|34247643
93|38577313
94|33164262
95|35482002
96|35681771
97|29720543
98|36518159
99|28108177
100|37538243
101|35444693
102|34672551
103|39525782
104|36529413
105|32891265
106|39324195
107|35590860
108|36974742
109|37882967
110|32808226
111|41588867
112|37442271
113|32790382
114|37432519
115|34318336
116|38680628
117|35453810
118|38136257
119|36034625
120|36705084
121|38961417
122|37412475
123|38693878
124|32813973
125|41323852
126|30315938
127|32154064
128|40153717
129|38155246
130|32989921
131|31838141
132|32445337
133|33155952
134|31923313
135|32564891
136|37161420
137|34832149
138|36571668
139|33012101
140|37138864
