1|11942445
2|7369538
3|11996222
4|9368318
5|9898742
6|15149410
7|11889317
8|3881806
9|14028042
10|15927614
11|10690816
12|19155402
13|13972439
14|8297923
15|35169008
16|14103833
17|10948497
18|17085679
19|9244701
20|15793230
21|13204762
22|7168964
23|4782346
24|22932644
25|5492308
26|4719724
27|6561944
28|12706097
29|5306237
30|9693195
31|6369656
32|4560456
33|4888417
34|5197989
35|8578487
36|6208040
37|3246122
38|10486817
39|10290549
40|11007462
41|6210582
42|8156384
43|6453932
44|24887633
45|6688212
46|13959935
47|7428098
48|5418282
49|9936096
50|4227887
51|4859202
52|5179451
53|6811982
54|10245823
55|10503513
56|5426957
57|5174295
58|3301428
59|14116108
60|5528154
61|9527070
62|10887252
63|14283678
64|5709720
65|4227595
66|3450058
67|5667527
68|7326242
69|7977051
70|5418969
71|8941570
72|12890636
73|7390080
74|5140515
75|13635702
76|4065178
77|5619108
78|3369187
79|3057742
80|69377
81|59087869
82|10482707
83|4102157
84|4780101
85|18571465
86|15542753
87|6828056
88|5116477
89|4870881
90|10669133
91|6955370
92|8557828
93|5119792
94|38381033
95|15413108
96|11507317
97|3044381
98|3824206
99|14465932
100|7940865
101|898731
102|891332
103|1129794
104|1137584
